0.099  0.012e-38
0.101  0.044e-38
0.104  0.079e-38
0.106  0.114e-38
0.110  0.141e-38
0.113  0.179e-38
0.114  0.211e-38
0.120  0.246e-38
0.125  0.282e-38
0.129  0.317e-38
0.136  0.352e-38
0.143  0.387e-38
0.148  0.422e-38
0.157  0.463e-38
0.163  0.501e-38
0.171  0.534e-38
0.180  0.566e-38
0.187  0.592e-38
0.199  0.628e-38
0.206  0.660e-38
0.222  0.689e-38
0.236  0.727e-38
0.254  0.760e-38
0.276  0.792e-38
0.301  0.818e-38
0.328  0.839e-38
0.366  0.856e-38
0.399  0.874e-38
0.440  0.894e-38
0.485  0.918e-38
0.535  0.947e-38
0.591  0.965e-38
0.676  0.977e-38
0.773  0.971e-38
0.832  0.956e-38
0.918  0.941e-38
1.012  0.924e-38
1.103  0.903e-38
1.202  0.880e-38
1.342  0.856e-38
1.462  0.836e-38
1.673  0.815e-38
1.891  0.795e-38
2.217  0.780e-38
2.568  0.777e-38
2.902  0.774e-38
3.362  0.774e-38
3.847  0.771e-38
4.402  0.768e-38
4.975  0.765e-38
5.555  0.760e-38
6.279  0.760e-38
7.097  0.751e-38
7.924  0.748e-38
8.847  0.745e-38
10.000  0.739e-38
11.442  0.733e-38
13.092  0.730e-38
14.618  0.724e-38
16.726  0.724e-38
18.676  0.718e-38
21.632  0.713e-38
24.451  0.710e-38
26.968  0.707e-38
29.744  0.701e-38
32.806  0.701e-38
36.184  0.701e-38
39.908  0.698e-38
44.559  0.695e-38
50.365  0.695e-38
56.927  0.692e-38
63.561  0.689e-38
72.728  0.686e-38
82.204  0.683e-38
91.784  0.680e-38
101.232  0.677e-38
113.029  0.677e-38
126.201  0.672e-38
