0.106          -0.975         0.51          
0.106          -0.825         0.56          
0.106          -0.625         0.62          
0.106          -0.425         0.62          
0.106          -0.225         0.81          
0.106          -0.025         1.5           
0.106          0.025          1.5           
0.106          0.225          0.6           
0.106          0.425          0.43          
0.106          0.625          0.37          
0.106          0.825          0.35          
0.106          0.975          0.34          
0.168          -0.975         0.33          
0.168          -0.825         0.35          
0.168          -0.625         0.38          
0.168          -0.425         0.35          
0.168          -0.225         0.43          
0.168          -0.025         0.71          
0.168          0.025          0.71          
0.168          0.225          0.34          
0.168          0.425          0.26          
0.168          0.625          0.24          
0.168          0.825          0.23          
0.168          0.975          0.23          
0.299          -0.975         0.15          
0.299          -0.825         0.15          
0.299          -0.625         0.16          
0.299          -0.425         0.14          
0.299          -0.225         0.16          
0.299          -0.025         0.24          
0.299          0.025          0.24          
0.299          0.225          0.14          
0.299          0.425          0.12          
0.299          0.625          0.11          
0.299          0.825          0.11          
0.299          0.975          0.11          
0.531          -0.975         0.051         
0.531          -0.825         0.052         
0.531          -0.625         0.054         
0.531          -0.425         0.049         
0.531          -0.225         0.053         
0.531          -0.025         0.069         
0.531          0.025          0.069         
0.531          0.225          0.048         
0.531          0.425          0.044         
0.531          0.625          0.042         
0.531          0.825          0.041         
0.531          0.975          0.041         
0.944          -0.975         0.014         
0.944          -0.825         0.014         
0.944          -0.625         0.015         
0.944          -0.425         0.014         
0.944          -0.225         0.015         
0.944          -0.025         0.018         
0.944          0.025          0.018         
0.944          0.225          0.015         
0.944          0.425          0.014         
0.944          0.625          0.013         
0.944          0.825          0.013         
0.944          0.975          0.012         
1.679          -0.975         0.0033        
1.679          -0.825         0.0033        
1.679          -0.625         0.0035        
1.679          -0.425         0.0035        
1.679          -0.225         0.0037        
1.679          -0.025         0.0043        
1.679          0.025          0.0043        
1.679          0.225          0.0038        
1.679          0.425          0.0036        
1.679          0.625          0.0033        
1.679          0.825          0.0032        
1.679          0.975          0.0031        
2.985          -0.975         0.00068       
2.985          -0.825         0.0007        
2.985          -0.625         0.00074       
2.985          -0.425         0.00078       
2.985          -0.225         0.00086       
2.985          -0.025         0.00097       
2.985          0.025          0.00097       
2.985          0.225          0.00089       
2.985          0.425          0.0008        
2.985          0.625          0.00074       
2.985          0.825          0.0007        
2.985          0.975          0.00068       
5.309          -0.975         0.00014       
5.309          -0.825         0.00015       
5.309          -0.625         0.00016       
5.309          -0.425         0.00017       
5.309          -0.225         0.0002        
5.309          -0.025         0.00021       
5.309          0.025          0.00021       
5.309          0.225          0.00019       
5.309          0.425          0.00016       
5.309          0.625          0.00015       
5.309          0.825          0.00014       
5.309          0.975          0.00014       
9.441          -0.975         2.6e-05       
9.441          -0.825         2.7e-05       
9.441          -0.625         2.8e-05       
9.441          -0.425         3.2e-05       
9.441          -0.225         3.7e-05       
9.441          -0.025         4.1e-05       
9.441          0.025          4.1e-05       
9.441          0.225          3.7e-05       
9.441          0.425          3.2e-05       
9.441          0.625          2.8e-05       
9.441          0.825          2.7e-05       
9.441          0.975          2.6e-05       
16.788         -0.975         4.8e-06       
16.788         -0.825         5.1e-06       
16.788         -0.625         5.1e-06       
16.788         -0.425         6e-06         
16.788         -0.225         7.1e-06       
16.788         -0.025         7.6e-06       
16.788         0.025          7.6e-06       
16.788         0.225          7.1e-06       
16.788         0.425          6e-06         
16.788         0.625          5.2e-06       
16.788         0.825          5.1e-06       
16.788         0.975          4.8e-06       
29.854         -0.975         8.5e-07       
29.854         -0.825         8.9e-07       
29.854         -0.625         9.3e-07       
29.854         -0.425         1.1e-06       
29.854         -0.225         1.3e-06       
29.854         -0.025         1.4e-06       
29.854         0.025          1.4e-06       
29.854         0.225          1.3e-06       
29.854         0.425          1.1e-06       
29.854         0.625          9.4e-07       
29.854         0.825          8.9e-07       
29.854         0.975          8.5e-07       
53.088         -0.975         1.4e-07       
53.088         -0.825         1.4e-07       
53.088         -0.625         1.6e-07       
53.088         -0.425         1.8e-07       
53.088         -0.225         2.2e-07       
53.088         -0.025         2.4e-07       
53.088         0.025          2.4e-07       
53.088         0.225          2.2e-07       
53.088         0.425          1.8e-07       
53.088         0.625          1.6e-07       
53.088         0.825          1.4e-07       
53.088         0.975          1.4e-07       
94.406         -0.975         2e-08         
94.406         -0.825         2.1e-08       
94.406         -0.625         2.4e-08       
94.406         -0.425         2.8e-08       
94.406         -0.225         3.4e-08       
94.406         -0.025         3.9e-08       
94.406         0.025          3.9e-08       
94.406         0.225          3.4e-08       
94.406         0.425          2.8e-08       
94.406         0.625          2.4e-08       
94.406         0.825          2.1e-08       
94.406         0.975          2e-08         
167.88         -0.975         2.7e-09       
167.88         -0.825         2.7e-09       
167.88         -0.625         3.3e-09       
167.88         -0.425         4.1e-09       
167.88         -0.225         4.7e-09       
167.88         -0.025         6e-09         
167.88         0.025          6e-09         
167.88         0.225          4.6e-09       
167.88         0.425          4.2e-09       
167.88         0.625          3.3e-09       
167.88         0.825          2.7e-09       
167.88         0.975          2.7e-09       
