0.106          -0.975         0.25          
0.106          -0.825         0.28          
0.106          -0.625         0.31          
0.106          -0.425         0.3           
0.106          -0.225         0.4           
0.106          -0.025         0.67          
0.106          0.025          0.67          
0.106          0.225          0.29          
0.106          0.425          0.21          
0.106          0.625          0.18          
0.106          0.825          0.17          
0.106          0.975          0.17          
0.168          -0.975         0.16          
0.168          -0.825         0.18          
0.168          -0.625         0.19          
0.168          -0.425         0.18          
0.168          -0.225         0.22          
0.168          -0.025         0.35          
0.168          0.025          0.35          
0.168          0.225          0.17          
0.168          0.425          0.13          
0.168          0.625          0.12          
0.168          0.825          0.11          
0.168          0.975          0.11          
0.299          -0.975         0.071         
0.299          -0.825         0.077         
0.299          -0.625         0.082         
0.299          -0.425         0.076         
0.299          -0.225         0.086         
0.299          -0.025         0.12          
0.299          0.025          0.12          
0.299          0.225          0.07          
0.299          0.425          0.06          
0.299          0.625          0.056         
0.299          0.825          0.053         
0.299          0.975          0.051         
0.531          -0.975         0.024         
0.531          -0.825         0.026         
0.531          -0.625         0.028         
0.531          -0.425         0.026         
0.531          -0.225         0.029         
0.531          -0.025         0.038         
0.531          0.025          0.038         
0.531          0.225          0.025         
0.531          0.425          0.023         
0.531          0.625          0.021         
0.531          0.825          0.019         
0.531          0.975          0.019         
0.944          -0.975         0.0062        
0.944          -0.825         0.0067        
0.944          -0.625         0.0074        
0.944          -0.425         0.0075        
0.944          -0.225         0.0083        
0.944          -0.025         0.0099        
0.944          0.025          0.0099        
0.944          0.225          0.0079        
0.944          0.425          0.007         
0.944          0.625          0.0062        
0.944          0.825          0.0056        
0.944          0.975          0.0053        
1.679          -0.975         0.0013        
1.679          -0.825         0.0014        
1.679          -0.625         0.0016        
1.679          -0.425         0.0018        
1.679          -0.225         0.0021        
1.679          -0.025         0.0024        
1.679          0.025          0.0024        
1.679          0.225          0.0021        
1.679          0.425          0.0018        
1.679          0.625          0.0015        
1.679          0.825          0.0013        
1.679          0.975          0.0012        
2.985          -0.975         0.00021       
2.985          -0.825         0.00024       
2.985          -0.625         0.0003        
2.985          -0.425         0.00036       
2.985          -0.225         0.00046       
2.985          -0.025         0.00056       
2.985          0.025          0.00056       
2.985          0.225          0.00047       
2.985          0.425          0.00037       
2.985          0.625          0.00029       
2.985          0.825          0.00024       
2.985          0.975          0.00021       
5.309          -0.975         3.4e-05       
5.309          -0.825         4e-05         
5.309          -0.625         5e-05         
5.309          -0.425         6.7e-05       
5.309          -0.225         9.5e-05       
5.309          -0.025         0.00012       
5.309          0.025          0.00012       
5.309          0.225          9.5e-05       
5.309          0.425          6.7e-05       
5.309          0.625          5e-05         
5.309          0.825          3.9e-05       
5.309          0.975          3.3e-05       
9.441          -0.975         4.5e-06       
9.441          -0.825         5.2e-06       
9.441          -0.625         7e-06         
9.441          -0.425         1e-05         
9.441          -0.225         1.6e-05       
9.441          -0.025         2.4e-05       
9.441          0.025          2.4e-05       
9.441          0.225          1.6e-05       
9.441          0.425          1e-05         
9.441          0.625          7e-06         
9.441          0.825          5.2e-06       
9.441          0.975          4.5e-06       
16.788         -0.975         5.7e-07       
16.788         -0.825         6.8e-07       
16.788         -0.625         9.1e-07       
16.788         -0.425         1.4e-06       
16.788         -0.225         2.3e-06       
16.788         -0.025         4.1e-06       
16.788         0.025          4.1e-06       
16.788         0.225          2.3e-06       
16.788         0.425          1.4e-06       
16.788         0.625          9.1e-07       
16.788         0.825          6.8e-07       
16.788         0.975          5.7e-07       
29.854         -0.975         7e-08         
29.854         -0.825         8.5e-08       
29.854         -0.625         1.1e-07       
29.854         -0.425         1.7e-07       
29.854         -0.225         3.2e-07       
29.854         -0.025         6.4e-07       
29.854         0.025          6.4e-07       
29.854         0.225          3.2e-07       
29.854         0.425          1.7e-07       
29.854         0.625          1.1e-07       
29.854         0.825          8.5e-08       
29.854         0.975          7e-08         
53.088         -0.975         8e-09         
53.088         -0.825         1e-08         
53.088         -0.625         1.4e-08       
53.088         -0.425         2e-08         
53.088         -0.225         4.1e-08       
53.088         -0.025         9e-08         
53.088         0.025          9e-08         
53.088         0.225          4.1e-08       
53.088         0.425          2e-08         
53.088         0.625          1.4e-08       
53.088         0.825          1e-08         
53.088         0.975          8e-09         
94.406         -0.975         8.5e-10       
94.406         -0.825         1.1e-09       
94.406         -0.625         1.6e-09       
94.406         -0.425         2.3e-09       
94.406         -0.225         5.1e-08       
94.406         -0.025         1.1e-07       
94.406         0.025          1.1e-07       
94.406         0.225          5.1e-08       
94.406         0.425          2.3e-08       
94.406         0.625          1.6e-08       
94.406         0.825          1.1e-08       
94.406         0.975          8.4e-09       
167.88         -0.975         7.9e-11       
167.88         -0.825         1e-10         
167.88         -0.625         1.9e-10       
167.88         -0.425         2.5e-10       
167.88         -0.225         6.2e-08       
167.88         -0.025         1.2e-07       
167.88         0.025          1.2e-07       
167.88         0.225          6.2e-08       
167.88         0.425          2.5e-08       
167.88         0.625          1.9e-08       
167.88         0.825          1.1e-08       
167.88         0.975          8.1e-09       
